LAUCT065252600000003	LAUCT065252600000004	LAUCT065252600000005	LAUCT065252600000006
5.3	2407	42799	45206
5.1	2303	43029	45332
4.9	2216	43188	45404
4.9	2238	42980	45218
4.9	2217	43163	45380
4.9	2206	43163	45369
5.6	2543	43024	45567
5.6	2548	42849	45397
5.7	2559	42213	44772
5.6	2502	42235	44737
5.8	2593	41903	44496
5.9	2610	41864	44474
6.6	2897	41074	43971
6.9	3048	41313	44361
6.8	3030	41287	44317
6.6	2937	41252	44189
7.1	3130	40928	44058
7.4	3277	41198	44475
7.8	3481	41385	44866
7.6	3389	41286	44675
7.6	3391	41236	44627
7.4	3327	41479	44806
7.5	3341	41288	44629
7.6	3359	41119	44478
8.5	3760	40548	44308
8.6	3812	40565	44377
8.4	3704	40500	44204
8.1	3563	40697	44260
8.6	3786	40393	44179
9.2	4108	40427	44535
9.6	4319	40511	44830
9.4	4217	40517	44734
9.4	4168	40179	44347
8.9	3952	40232	44184
9.2	4040	40077	44117
9.0	3942	39963	43905
9.7	4202	39293	43495
9.6	4204	39581	43785
9.2	4014	39592	43606
8.9	3861	39539	43400
8.8	3829	39584	43413
9.1	3965	39515	43480
9.4	4128	39728	43856
9.0	3928	39704	43632
8.9	3845	39308	43153
8.9	3840	39098	42938
8.6	3686	39017	42703
8.3	3553	39204	42757
9.5	4040	38694	42734
9.1	3914	39026	42940
8.9	3800	38984	42784
8.6	3678	39002	42680
8.2	3504	39224	42728
8.5	3629	39078	42707
8.9	3840	39244	43084
8.6	3681	39326	43007
8.0	3446	39463	42909
7.6	3284	39851	43135
7.3	3116	39839	42955
6.8	2917	39793	42710
7.7	3262	39160	42422
7.1	3052	39706	42758
7.0	2979	39597	42576
7.1	3032	39637	42669
7.0	2960	39592	42552
7.3	3098	39557	42655
8.0	3441	39677	43118
7.7	3318	39659	42977
7.6	3262	39838	43100
7.3	3158	40081	43239
7.4	3181	39881	43062
7.1	3047	39938	42985
8.2	3478	39155	42633
7.8	3332	39568	42900
7.7	3301	39684	42985
7.5	3200	39542	42742
7.4	3198	39735	42933
7.4	3150	39681	42831
8.0	3502	40070	43572
7.3	3155	40290	43445
7.0	3074	40617	43691
6.9	3006	40746	43752
6.8	2995	40793	43788
6.5	2816	40802	43618
7.2	3136	40351	43487
6.8	2980	40747	43727
6.6	2899	41141	44040
6.1	2699	41237	43936
6.0	2628	41371	43999
6.3	2771	41223	43994
6.6	2937	41783	44720
6.3	2820	42002	44822
6.1	2746	42040	44786
5.7	2559	42188	44747
5.5	2465	42399	44864
5.4	2457	42699	45156
6.0	2692	42206	44898
5.8	2612	42653	45265
5.9	2710	42850	45560
5.4	2448	42678	45126
5.5	2496	42686	45182
6.0	2689	42461	45150
6.4	2943	42870	45813
6.3	2856	42747	45603
6.2	2846	43073	45919
6.0	2766	42991	45757
5.7	2610	43330	45940
5.4	2450	43162	45612
5.9	2671	42638	45309
5.7	2589	42926	45515
5.4	2439	43133	45572
5.2	2352	42966	45318
4.8	2193	43191	45384
5.3	2407	43071	45478
5.8	2677	43486	46163
5.5	2530	43429	45959
5.4	2516	43673	46189
5.2	2395	43794	46189
5.0	2319	44007	46326
4.7	2198	44239	46437
6.2	2854	43457	46311
6.0	2797	43767	46564
5.9	2718	43732	46450
5.5	2541	43923	46464
5.7	2646	43658	46304
5.8	2709	43930	46639
6.3	2952	43771	46723
6.2	2899	43879	46778
5.7	2659	44203	46862
5.4	2514	44317	46831
5.2	2454	44604	47058
4.9	2312	44891	47203
5.7	2688	44475	47163
5.3	2516	44916	47432
5.4	2586	45017	47603
5.3	2514	44812	47326
5.2	2456	44390	46846
5.9	2777	44062	46839
6.5	3071	44206	47277
6.7	3162	43968	47130
6.4	3051	44337	47388
6.7	3200	44371	47571
6.8	3240	44531	47771
6.8	3230	44493	47723
7.5	3563	43730	47293
7.2	3461	44397	47858
7.3	3481	44238	47719
7.2	3395	44007	47402
7.0	3300	43836	47136
7.5	3538	43574	47112
7.8	3715	43905	47620
7.6	3579	43797	47376
7.1	3358	44258	47616
6.9	3275	44376	47651
7.0	3323	44335	47658
6.9	3287	44265	47552
7.5	3558	43682	47240
7.3	3479	44173	47652
7.1	3392	44239	47631
7.0	3320	44151	47471
7.1	3344	43845	47189
7.9	3735	43714	47449
8.1	3863	43695	47558
7.9	3724	43588	47312
7.6	3583	43681	47264
7.4	3501	43922	47423
7.3	3443	44026	47469
6.8	3197	44055	47252
7.4	3506	43778	47284
7.0	3351	44186	47537
7.2	3413	44080	47493
6.8	3208	44164	47372
6.8	3191	43992	47183
7.2	3394	43930	47324
7.4	3545	44289	47834
6.9	3281	44175	47456
6.6	3147	44329	47476
6.4	3069	44651	47720
6.3	3028	44940	47968
6.0	2883	44894	47777
6.4	3034	44341	47375
6.3	2992	44793	47785
5.8	2787	44869	47656
5.5	2643	45258	47901
5.4	2580	45096	47676
5.6	2692	44997	47689
6.0	2874	45218	48092
5.5	2644	45332	47976
5.4	2589	45430	48019
5.2	2488	45686	48174
5.4	2596	45721	48317
5.1	2453	45710	48163
5.4	2598	45173	47771
5.4	2583	45570	48153
5.0	2392	45732	48124
4.8	2313	45674	47987
4.8	2282	45484	47766
5.1	2415	45346	47761
5.7	2732	45320	48052
5.5	2600	45094	47694
5.1	2434	45400	47834
4.7	2234	45737	47971
4.7	2285	45901	48186
4.6	2236	45953	48189
5.4	2590	45395	47985
5.2	2499	45781	48280
5.0	2411	45878	48289
4.9	2370	45967	48337
4.8	2324	45852	48176
5.3	2586	45945	48531
6.0	2941	46122	49063
5.8	2822	46057	48879
5.7	2806	46159	48965
5.6	2752	46210	48962
5.7	2795	46574	49369
5.9	2920	46292	49212
6.6	3204	45522	48726
6.4	3131	45944	49075
6.6	3242	45804	49046
6.4	3142	45922	49064
7.1	3481	45446	48927
7.7	3798	45290	49088
8.7	4302	45335	49637
8.9	4403	45036	49439
8.8	4357	45245	49602
9.0	4499	45325	49824
9.3	4651	45242	49893
10.0	4976	44749	49725
11.3	5607	43905	49512
11.6	5780	44093	49873
11.8	5859	43866	49725
11.4	5708	44149	49857
12.0	5943	43699	49642
12.6	6266	43615	49881
13.3	6637	43351	49988
13.2	6536	43051	49587
13.1	6473	42919	49392
13.1	6434	42856	49290
12.6	6240	43162	49402
12.8	6285	42759	49044
13.3	6661	43363	50024
13.0	6549	43888	50437
12.9	6483	43916	50399
12.4	6290	44497	50787
12.4	6236	44165	50401
12.7	6388	43999	50387
13.5	6831	43911	50742
13.2	6729	44061	50790
12.8	6531	44381	50912
12.7	6418	44132	50550
12.9	6560	44215	50775
12.6	6366	44228	50594
13.0	6565	43908	50473
12.6	6366	44207	50573
12.4	6226	44143	50369
12.0	6061	44512	50573
12.1	6110	44197	50307
12.8	6447	43877	50324
13.4	6738	43714	50452
13.1	6601	43895	50496
12.7	6459	44358	50817
12.3	6233	44396	50629
11.8	5958	44518	50476
11.8	5920	44376	50296
12.1	6009	43662	49671
11.9	5936	44017	49953
11.5	5724	43988	49712
10.9	5395	44232	49627
11.1	5498	44221	49719
11.5	5732	43936	49668
12.1	6056	43845	49901
11.6	5772	43862	49634
10.8	5372	44536	49908
10.7	5350	44677	50027
10.2	5134	45012	50146
10.4	5214	44888	50102
11.1	5545	44423	49968
10.5	5252	44860	50112
10.0	5006	44811	49817
9.6	4807	45214	50021
9.8	4905	45328	50233
10.4	5256	45116	50372
10.8	5430	45043	50473
10.3	5181	45123	50304
9.8	4958	45716	50674
9.7	4868	45260	50128
9.1	4595	45627	50222
8.8	4373	45517	49890
9.1	4543	45142	49685
9.0	4512	45510	50022
8.8	4424	45726	50150
7.9	3963	45976	49939
8.2	4101	45898	49999
8.4	4220	45760	49980
9.2	4622	45776	50398
8.9	4471	45813	50284
8.2	4156	46446	50602
8.0	4024	46338	50362
7.8	3946	46553	50499
7.4	3721	46463	50184
8.0	4016	46073	50089
7.6	3813	46353	50166
7.3	3636	46311	49947
6.9	3474	46573	50047
7.0	3528	46655	50183
7.1	3520	46236	49756
7.4	3697	46195	49892
6.9	3412	45995	49407
6.3	3123	46457	49580
6.1	3016	46512	49528
5.8	2900	46933	49833
5.6	2789	46693	49482
6.1	3029	46490	49519
5.8	2905	46995	49900
5.6	2798	47123	49921
5.3	2653	47260	49913
4.9	2427	47232	49659
5.5	2721	46982	49703
6.0	3005	47255	50260
6.0	3013	47058	50071
5.6	2850	47678	50528
5.4	2733	47480	50213
5.1	2559	47790	50349
5.0	2479	47556	50035
5.5	2750	47528	50278
5.2	2638	48087	50725
4.9	2465	48357	50822
4.6	2342	48357	50699
4.4	2221	48266	50487
4.9	2448	47957	50405
5.5	2810	48124	50934
5.7	2866	47796	50662
5.0	2561	48688	51249
4.8	2438	48389	50827
4.6	2365	48616	50981
4.5	2298	48225	50523
4.8	2432	47912	50344
4.7	2378	48475	50853
4.4	2233	48579	50812
4.4	2229	48424	50653
4.2	2101	48318	50419
4.8	2423	47913	50336
5.0	2542	48133	50675
5.0	2513	47527	50040
4.5	2268	48231	50499
4.5	2259	48214	50473
4.4	2218	48598	50816
4.4	2217	48260	50477
4.9	2456	47932	50388
4.5	2275	48340	50615
4.5	2287	48241	50528
4.1	2075	47935	50010
4.1	2042	48158	50200
4.6	2289	47825	50114
5.0	2513	48101	50614
5.0	2528	47896	50424
4.5	2322	48780	51102
4.4	2222	48640	50862
4.3	2194	49243	51437
4.2	2169	48998	51167
5.0	2578	49031	51609
4.9	2559	49373	51932
6.6	3253	45969	49222
17.2	8112	39123	47235
19.9	9295	37464	46759
18.5	9062	39944	49006
19.5	9771	40426	50197
18.0	9028	41120	50148
12.3	5881	41953	47834
11.8	5761	42860	48621
11.4	5535	43116	48651
12.0	5801	42724	48525
12.0	5804	42686	48490
11.8	5835	43631	49466
11.5	5701	43836	49537
11.3	5580	44007	49587
10.5	5200	44361	49561
11.0	5452	44194	49646
10.4	5191	44777	49968
9.7	4815	44771	49586
8.4	4165	45425	49590
7.7	3809	45773	49582
6.6	3284	46387	49671
6.1	3030	46247	49277
6.5	3196	46261	49457
5.6	2806	46902	49708
5.2	2605	47072	49677
5.0	2448	46815	49263
4.7	2302	46821	49123
5.0	2450	46325	48775
5.0	2461	46491	48952
4.8	2330	46368	48698
4.3	2124	46809	48933
4.5	2195	46666	48861
4.7	2302	46917	49219
4.5	2188	46836	49024
4.9	2389	46700	49089
5.0	2463	47121	49584
4.7	2318	47173	49491
4.2	2067	46986	49053
4.4	2126	46721	48847
4.5	2178	46587	48765
4.7	2280	46464	48744
5.0	2418	46275	48693
4.8	2341	46649	48990
4.7	2281	46522	48803
4.6	2255	46746	49001
4.7	2267	46226	48493
5.6	2765	46229	48994
4.9	2428	46654	49082
5.1	2523	46708	49231
4.5	2186	46494	48680
5.1	2509	46629	49138
6.0	2989	46673	49662
6.7	3331	46650	49981
6.8	3417	46551	49968
6.2	3116	47189	50305
			
			
			
			
