prd	unioncov	unint	rw
68.55	1952.791461	290	92.441
69.144	1941.674876	342.69	90.089
69.214	1919.441708	260.92	91.352
69.198	1886.091955	356.92	90.276
69.128	1841.625618	450.15	89.999
69.856	1802.388836	431.69	90.079
69.686	1768.381609	542.77	89.719
70.87	1739.603937	733.54	91.858
73.205	1716.05582	970.46	91.347
74.908	1685.814246	1066.15	91.813
76.859	1648.879213	1056	91.835
78.198	1605.250721	1115	92.245
79.517	1554.928772	1338.08	91.945
80.425	1511.628483	1478.77	93.817
82.705	1475.349856	1395.69	95.057
82.921	1446.092889	1173.08	96.457
82.221	1423.857583	1363.69	93.389
82.544	1408.220427	1259.77	95.054
82.904	1399.181422	949.92	97.041
84.207	1396.740567	957.69	95.878
85.711	1400.897863	1000	95.837
86.994	1395.001636	701.08	95.955
87.307	1379.051887	777.31	95.513
88.443	1353.048614	737.31	94.007
88.495	1316.99182	580.31	96.124
88.045	1280.972374	506.77	94.253
88.579	1244.990277	483	93.161
89.88	1209.045529	447.23	96.103
91.318	1173.138131	661.62	96.886
93.099	1158.319919	630	95.665
93.937	1164.590894	553.85	95.462
95.711	1191.951057	607.38	95.092
95.73	1240.400406	718.31	94.103
94.065	1252.819983	804.23	93.613
92.689	1229.209789	918.46	93.617
89.136	1169.569822	1082.77	98.611
86.634	1073.900083	1805.69	97.578
88.014	1000.072154	2394	100.799
93.193	948.0860357	2731.62	100.068
94.91	917.9417279	3100	100.447
96.456	909.6392307	4012.62	96.777
98.16	906.0625395	3462.85	98.806
99.063	907.2116544	3247.54	98.794
99.552	913.0865754	3381.69	99.512
100.516	923.6873024	3612.69	99.885
98.527	928.0526723	3678.54	97.203
100.148	926.1826849	3475.38	97.683
99.016	918.0773404	2904.62	95.3
99.602	903.7366387	2862.23	97.265
99.183	898.9057025	2782.77	96.68
99.065	903.5845319	2577.85	96.193
99.199	917.7731269	2478.69	96.318
100.39	941.4714875	2531.69	94.923
100.558	956.7622367	2054.77	95.332
100.696	963.6453746	1892.31	95.064
101.603	962.1209012	1915.38	94.604
101.627	952.1888165	1428.54	95.673
101.811	944.940456	1305.69	94.522
101.751	940.3758198	1265.38	94.737
101.139	938.4949078	1176	96.147
100.453	939.2977201	1609.85	98.152
100.712	937.099757	939	98.306
100.666	931.9010184	766.15	98.633
99.41	923.7015044	825	98.386
99.349	912.5012149	951.08	98.515
99.279	905.4206132	810.92	97.654
100.073	902.4596991	942.69	98.347
100.205	903.6184728	973.38	98.592
100.068	908.8969341	890.15	98.906
100.779	912.649545	708.08	100.325
99.423	914.8763054	831	100.196
99.709	915.5772155	671.46	100.524
100.407	914.7522751	576.23	100.951
100.804	915.3213889	682	99.98
99.963	917.2845569	543.69	99.963
99.632	920.6417791	469.23	100.433
97.742	925.3930556	420	101.432
96.681	921.9363439	412	100.145
96.12	910.2716442	448	99.031
96.457	890.3989563	519.08	100.949
96.1	862.3182804	510	101.966
91.627	834.5586979	884.62	110.397
99.692	807.1202087	1056.23	104.381
99.298	780.0028129	788.31	106.625
98.464	753.2065105	917.23	106.047
97.593	740.8053853	1217.08	106.177
97.01	742.7994374	802.62	102.582
97.115	759.1886667	798.62	102.572
96.4	789.9730733	807.23	100.063
96.919	816.2976066	521.54	98.283
96.168	838.1622667	519.23	98.738
95.624	855.5670534	452	97.671
95.038	868.5119668	309.62	97.409
96.059	877.4851455	424.62	99.15
95.208	882.4865893	386	99.376
95.206	883.5162983	450.69	100.744
95.394	880.5742726	383.69	101.738
95.153	878.3677532	394	98.675
95.323	876.8967403	493.62	99.112
