"","prd","unioncov","unint","rw"
"1",184.854916265959,2162.19042241446,837.97,66.7132493897247
"2",184.872500580296,2148.39539441876,686.89,66.5147943557084
"3",187.019581812147,2120.10248600216,652.23,66.5439713364707
"4",189.824630932329,2077.31169716464,690.81,65.4270708583384
"5",194.248426023085,2020.02302790622,565.54,65.9723283046284
"6",193.406197846788,1968.69834904036,534.66,65.73572585136
"7",194.11590871778,1923.33766056707,518.04,65.2600612367249
"8",200.58694787107,1883.94096248635,448.65,64.6975127126624
"9",200.445389882337,1850.5082547982,593.65,65.9499775403539
"10",204.872683642181,1834.93186980365,542.03,64.7469146022528
"11",209.195325318957,1837.21180750273,505.81,63.6023034527476
"12",213.768651700497,1857.34806789542,611.15,62.1567992676763
"13",206.80485338726,1895.34065098172,675.41,64.3597210818394
"14",213.936104853574,1897.20142382355,692.64,62.781057818527
"15",212.630883222597,1862.93038642091,804.93,63.6856345845198
"16",206.236520488857,1792.5275387738,954.66,66.3147315006839
"17",206.927331680336,1685.99288088222,1546.28,64.5646515535125
"18",217.734957134845,1606.9818653727,2043.92,62.676200901331
"19",225.530609741136,1555.49449224523,2245.95,60.5612550495777
"20",236.338504703746,1531.53076149983,2629.59,59.4016503867403
"21",240.518100298904,1535.09067313647,3064.86,57.1825781642597
"22",240.113927185668,1537.67836853654,2902.16,59.5258126428027
"23",242.382716049383,1539.29384770003,2628.18,59.3499558354198
"24",242.955835183814,1539.93711062693,2774.46,60.2075765658643
"25",239.960782711712,1539.60815731726,3026.08,62.132107316022
"26",240.138731137433,1532.03331306648,3055,61.4925357623965
"27",236.788568660693,1517.2125778746,2842.16,62.8701145804113
"28",238.033895575862,1495.14595174161,2466.49,62.104091366429
"29",238.206775467858,1465.83343466753,2509.86,63.9270576759966
"30",235.696443439991,1454.97505397087,2308.11,64.4261330266926
"31",231.230969986951,1462.57080965166,2297.91,65.1984851338334
"32",230.261021111419,1488.62070170989,2161.49,66.0984859933151
"33",238.824228028504,1533.12473014555,2140.54,63.8228054051786
"34",240.278383630091,1560.87644946159,1862.16,63.753245450937
"35",243.095653553299,1571.87585965801,1783.78,63.4714028765836
"36",241.948067299736,1566.12296073479,1755.41,63.4176160633298
"37",236.961130742049,1543.61775269196,1412.16,65.877880033557
"38",240.320880665183,1523.96856839803,1291.22,65.1251620729714
"39",240.896391152503,1507.17540785302,1158.78,65.2781125996615
"40",238.909469784672,1493.23827105692,1015.95,66.683376405643
"41",240.182595631573,1482.15715800974,1381.82,66.914344070085
"42",238.195644659523,1469.66184958696,964.05,67.6241776544067
"43",237.870366821266,1455.75234578859,687.03,67.8401607326799
"44",235.093500919681,1440.42864661463,654.05,68.4810423587183
"45",235.828507880508,1423.69075206508,764.05,68.2909832657514
"46",236.072005538888,1416.31929341922,801.89,68.3213451444246
"47",237.499038683381,1418.31427067704,882.57,68.2643357789892
"48",236.013864818024,1429.67568383855,905.88,69.3654444616576
"49",237.391604635101,1450.40353290375,700,69.4802226018639
"50",240.989439853076,1462.93325936832,657.43,69.3745336883887
"51",241.675568441935,1467.26486323225,658.78,69.6250090918174
"52",246.396874762952,1463.39834449556,634.46,69.4597330527464
"53",247.962997923353,1451.33370315824,496.22,69.9018231580976
"54",248.071506365719,1443.57436536,615.41,69.6125347105775
"55",248.250756076616,1440.12033110085,539.19,70.0325363388004
"56",250.45370026032,1440.97160038078,493.78,69.5166325523697
"57",245.32419414598,1446.12817319979,433.58,71.6049583237746
"58",247.818810666072,1438.93953304747,394.05,70.9289256575136
"59",250.242049601549,1419.4056799238,428.11,69.6251692927847
"60",249.943983867354,1387.5266138288,421.28,71.0821182033097
"61",243.639701749785,1343.30233476246,487.84,72.6751566591071
"62",243.620560592198,1303.89168923093,732.97,75.0433505477646
"63",260.525055857006,1269.2946772342,914.59,69.6749910825062
"64",263.156019947756,1239.51129877227,708.18,71.5867871149526
"65",265.112439062746,1214.54155384515,933.65,71.3096917705361
"66",267.826871762675,1199.93703433622,1049.26,72.1452867210682
"67",263.731170336037,1195.6977402455,732.57,71.6366522371873
"68",269.516700308489,1201.82367157298,682.84,71.4376066541454
"69",262.721492795606,1218.31482831865,664.46,73.4383758995088
"70",256.380450122558,1239.18535968945,441.89,75.3440401206554
"71",254.568237939041,1264.43526568535,469.19,77.2117027846756
"72",254.249587685542,1294.06454630637,351.35,76.8400291949493
"73",247.711963684288,1328.0732015525,346.22,79.7710003835037
"74",252.224257969952,1351.64738302994,432.36,80.1576081359423
"75",258.392712848013,1364.78709073867,370.34,79.6616377278371
"76",262.446170267584,1367.4923246787,441.96,79.5749355583171
"77",258.246169711255,1359.76308485003,406.35,82.6471124510317
"78",263.811420982736,1353.96615497853,361.35,82.5305508354574
