"","mfglbrprd","mfgcapult.qtr","mfgvldindx.ts","mfgunit","realwgshr"
"1",70.897,80.4385333333333,95.3869475692003,350,133.469481287926
"2",71.426,80.4523333333333,94.6603096290719,317.03,130.555436225746
"3",71.366,79.4124666666667,94.0756810299348,300.34,129.267108426513
"4",71.724,77.9882,93.6330617717889,358.38,128.575810084477
"5",71.65,76.0521,93.3324518546342,422.36,127.662491979814
"6",72.368,74.2365666666667,93.0404271459182,403.31,125.678437779401
"7",72.554,72.4755333333333,92.756987645641,516.55,124.48125923646
"8",74.353,71.3378333333333,92.4821333538027,652.7,121.872821538129
"9",76.631,71.7766,92.2158642704031,848.38,120.442111982406
"10",78.383,72.7841,91.8706109288816,914.32,119.099531861982
"11",80.158,73.3478,91.4463733292382,825.81,116.734417899198
"12",80.972,73.2484666666667,90.9431514714729,936.49,114.667075430902
"13",82.509,73.6386333333333,90.3609453555857,1100.27,111.014685803366
"14",83.456,73.2953333333333,89.7844847669962,1212.97,106.929861843627
"15",85.28,73.8780333333333,89.2137697057043,1098.11,104.208323305973
"16",85.33,74.7637333333333,88.6488001717101,964.73,103.660056496664
"17",85.231,75.3180666666667,88.0895761650134,1102.5,101.587867388524
"18",86.133,75.9548666666667,87.8844560963291,1082.23,99.5418399358937
"19",86.985,76.6496,88.033439965657,855.88,98.9513525071534
"20",88.685,77.6570333333333,88.5365277729971,859.46,97.5687509304615
"21",90.262,78.5887,89.3937195183495,837.97,97.4011581683928
"22",91.44,78.6513666666667,90.0339084091504,686.89,95.5155132800043
"23",91.406,78.0569666666667,90.4570944453997,652.23,93.9916845275353
"24",91.429,78.8066333333333,90.6632776270975,690.81,93.8453757255843
"25",91.528,79.1334,90.6524579542437,565.54,92.7157208089415
"26",91.09,78.8917,90.5663469034045,534.66,90.346430891465
"27",91.716,78.8119,90.4049444745798,518.04,88.5794559561638
"28",93.286,78.6512666666667,90.1682506677698,448.65,87.9447794724008
"29",94.601,78.9872333333333,89.8562654829744,593.65,86.566384850254
"30",95.604,79.4354333333333,89.5341652158663,542.03,85.2327575341276
"31",96.231,78.9668333333333,89.2019498664456,505.81,84.8844928850322
"32",97.387,78.8529333333333,88.8596194347122,611.15,83.9452737784356
"33",97.558,78.2172666666667,88.5071739206663,675.41,83.5671072539938
"34",96.257,76.5745666666667,88.5781261467813,692.64,81.8813455960395
"35",95.141,73.8467666666667,89.0724761130574,804.93,81.0015383807004
"36",93.665,69.5811333333333,89.9902238194945,954.66,83.0213402784215
"37",93.072,65.0656,91.3313692660927,1546.28,81.5972976558291
"38",95.248,63.6818666666667,92.1628797382949,2043.92,78.7476988231255
"39",98.997,65.4732333333333,92.4847552361012,2245.95,78.7442609473319
"40",100.416,66.9138333333333,92.2969957595114,2629.59,77.8072201922684
"41",101.45,68.4539666666667,91.5996013085257,3064.86,75.3029839347157
"42",102.821,70.6294,91.3500030047212,2902.16,74.6102298870342
"43",103.67,71.7732,91.5482008480979,2628.18,74.2357910718103
"44",104.215,72.3899333333333,92.1941948386557,2774.46,73.9626681448243
"45",104.734,73.2227,93.2879849763947,3026.08,74.1066712190017
"46",103.371,73.2969666666667,94.3463070409325,3055,73.5990379542156
"47",104.548,74.009,95.3691610322691,2842.16,73.8484754316812
"48",103.452,74.5381,96.3565469504045,2466.49,74.865535204387
"49",103.44,75.3203,97.3084647953387,2509.86,75.5762877982695
"50",102.81,75.2218666666667,97.8850460151771,2308.11,75.3841446581118
"51",102.334,74.8212,98.0862906099197,2297.91,74.9229000716217
"52",102.566,74.8281,97.9121985795665,2161.49,74.3157315679592
"53",103.599,75.2063,97.3627699241175,2140.54,73.7003839467744
"54",103.962,75.1414666666667,97.0230904922911,1862.16,72.5975182535955
"55",103.821,75.0767666666667,96.8931602840874,1783.78,72.1343041276155
"56",104.089,75.4362333333333,96.9729792995062,1755.41,73.261632989916
"57",103.773,75.2813666666667,97.2625475385477,1412.16,72.8892620666125
"58",103.783,76.3004333333333,97.7013558187454,1291.22,72.929130067517
"59",103.493,76.7883,98.2894041400994,1158.78,73.4786927734259
"60",102.231,77.1544666666667,99.0266925026095,1015.95,74.8602206281613
"61",101.415,76.7134,99.9132209062759,1381.82,75.2781172553117
"62",101.559,76.7597,100.425343905232,964.05,74.6544951100767
"63",101.324,76.9914,100.563061499479,687.03,75.2124808198739
"64",100.722,76.454,100.326373689015,654.05,76.249387934982
"65",101.296,76.2442666666667,99.715280473842,764.05,77.2155629819386
"66",100.799,75.8778666666667,99.3095309982362,801.89,76.9389095116417
"67",100.727,75.7585,99.109125262198,882.57,77.1582098917421
"68",101.06,75.8295,99.1140632657273,905.88,76.8222393357786
"69",100.457,75.9513,99.3243450088242,700,75.9462800299916
"70",100.815,76.7835,99.6787197025336,657.43,75.7197307238614
"71",99.145,76.6424666666667,100.177187346856,658.78,75.2967553736086
"72",99.592,77.7248,100.81974794179,634.46,75.1981352708463
"73",99.933,78.0401333333333,101.606401487337,496.22,74.8295483579925
"74",100.703,78.7079666666667,102.160502310622,615.41,74.0125090444565
"75",100.399,79.0960333333333,102.482050411643,539.19,73.5950900955234
"76",99.825,78.791,102.571045790401,493.78,74.0759970130663
"77",98.949,77.8776666666667,102.427488446897,433.58,73.8639440107096
"78",98.005,77.2895333333333,102.189470130737,394.05,72.7337974025929
"79",97.532,77.1884666666667,101.856990841921,428.11,73.4271475974769
"80",97.553,76.8756,101.430050580449,421.28,74.6368501798696
"81",97.715,75.9433333333333,100.908649346322,487.84,76.2876030361435
"82",96.103,65.9911666666667,100.736229114143,732.97,66.8191351572527
"83",99.981,73.7061333333333,100.912789883912,914.59,71.8935893591389
"84",99.746,75.4126333333333,101.438331655629,708.18,72.210118616895
"85",99.429,75.5949333333333,102.312854429294,933.65,70.5025508642754
"86",100.608,76.9656666666667,103.822321767043,1049.26,68.0178943161948
"87",100.104,77.6734,105.966733668876,732.57,67.8532172988806
"88",99.756,78.7685666666667,108.746090134792,682.84,67.923596779412
"89",99.06,79.2805666666667,112.160391164792,664.46,68.2359143599067
"90",99.209,79.7293333333333,115.127955110875,441.89,67.5787080740022
"91",98.375,79.6241,117.648781973043,469.19,67.6205434621147
"92",97.816,78.7732666666667,119.722871751295,351.35,68.5315853585429
"93",97.751,78.6152333333333,121.35022444563,346.22,68.7363617357857
"94",98.407,78.3972333333333,122.478275745113,432.36,68.6015275578626
"95",98.155,78.0477666666667,123.107025649743,370.34,68.6175451459963
"96",98.653,77.5168,123.236474159519,441.96,68.9896070730891
"97",98.469,77.0828333333333,122.866621274443,406.35,69.3809860155236
"98",98.782,77.1111666666667,122.589231610636,361.35,69.726342236356
