"","ndrbllbrprd","ndrblcapultqtr","ppiidcqtr","ltintrtqtr","ndrblmfgunitqtr","realwgshr"
"1",74.392,79.5456,131.366666666667,6.17666666666667,290,20.8052977669602
"2",74.823,79.5129,133.7,5.89333333333333,342.69,20.2585421985269
"3",74.559,78.6434,136.133333333333,5.56666666666667,260.92,20.4348560285514
"4",75.55,78.0161,137.866666666667,5.05,356.92,20.5143169567908
"5",75.378,76.9277,140.1,5.27,450.15,20.6400547403932
"6",75.869,75.7797333333333,137.966666666667,4.98,431.69,20.1016824743334
"7",76.182,75.0610333333333,134.366666666667,4.77,542.77,20.2064227393783
"8",78.317,75.0608,130.366666666667,5.07666666666667,733.54,20.3221819286624
"9",80.034,75.4832666666667,129.666666666667,5.1,970.46,20.3471514732498
"10",81.618,76.0781333333333,132.366666666667,4.26,1066.15,20.0003546900554
"11",82.875,76.3686333333333,133.033333333333,4.00666666666667,1056,20.0287067663522
"12",82.696,76.205,134.633333333333,3.92,1115,19.860415638048
"13",84.538,77.0077,139.866666666667,3.62,1338.08,19.4126408531915
"14",85.515,76.8034333333333,138.4,4.23333333333333,1478.77,19.2886309801868
"15",86.639,76.8397,139.1,4.28666666666667,1395.69,18.8036178986462
"16",86.39,77.2609666666667,139.166666666667,4.02,1173.08,18.7361762561356
"17",87.067,77.6286333333333,142.766666666667,4.6,1363.69,17.5119223822375
"18",88.493,78.6681333333333,146.2,4.30333333333333,1259.77,17.0149599495309
"19",89.969,79.4107666666667,148.866666666667,4.17333333333333,949.92,17.2492443405591
"20",92.211,80.4905333333333,152.433333333333,4.29666666666667,957.69,17.0637595487319
"21",93.976,81.3026,153.966666666667,4.16,1000,17.312707483401
"22",94.982,81.3989666666667,156.7,4.21333333333333,701.08,17.1575402476577
"23",94.793,80.3145,161.966666666667,4.49,777.31,16.7951964941248
"24",93.65,79.9157333333333,168.233333333333,4.57,737.31,16.697075651953
"25",93.801,80.5388666666667,166.766666666667,5.07,580.31,16.7254238649178
"26",93.595,80.0928333333333,170,4.89666666666667,506.77,15.7598005671232
"27",94.207,80.2685333333333,170.966666666667,4.63,483,15.6740297084502
"28",96.017,80.3478,167.433333333333,4.68,447.23,16.0658091911264
"29",96.934,80.6631333333333,169.166666666667,4.84666666666667,661.62,15.9055218556639
"30",96.737,80.3861333333333,175.433333333333,4.73,630,15.1456411063897
"31",96.742,79.8088333333333,176.133333333333,4.26,553.85,15.2249540250611
"32",96.75,79.0020666666667,179.8,3.66333333333333,607.38,15.2955259781701
"33",97.02,77.5544333333333,185.866666666667,3.88666666666667,718.31,15.4017038396984
"34",95.9,75.8375,199.266666666667,3.86333333333333,804.23,14.7670038868069
"35",94.597,73.4444333333333,204,3.25333333333333,918.46,14.6233296317351
"36",95.094,71.3240666666667,180,2.73666666666667,1082.77,15.9709341351695
"37",95.708,69.2091666666667,170.966666666667,3.31333333333333,1805.69,15.7652148284371
"38",97.44,69.1707,172.6,3.51666666666667,2394,14.9823818902741
"39",98.836,70.0418,176.4,3.46,2731.62,14.6451116390334
"40",99.698,71.003,179.433333333333,3.71666666666667,3100,14.7778779316212
"41",100.065,71.7862,184.6,3.49,4012.62,14.5873874025999
"42",101.064,73.1502666666667,186.866666666667,2.78666666666667,3462.85,14.6778671150357
"43",101.887,73.7391333333333,187,2.86333333333333,3247.54,15.1766475631553
"44",102.469,74.1702,189.633333333333,3.46,3381.69,15.2038548589453
"45",102.475,74.5329,197,3.21,3612.69,15.0569926403669
"46",102.243,74.789,204.966666666667,2.42666666666667,3678.54,14.6671107192258
"47",102.959,75.1885,204.666666666667,2.04666666666667,3475.38,14.9632531649137
"48",102.649,75.2065666666667,201.533333333333,2.03666666666667,2904.62,15.1871140617788
"49",102.454,75.2222,202.966666666667,1.82333333333333,2862.23,15.4234099174755
"50",102.102,74.6468333333333,202.433333333333,1.64333333333333,2782.77,15.5019944368802
"51",101.089,74.5098666666667,201.833333333333,1.70666666666667,2577.85,15.6337528156097
"52",101.734,74.5657,201.3,1.95,2478.69,15.6166371563515
"53",102.774,74.9206,203,1.99666666666667,2531.69,15.2219608313496
"54",103.759,75.0681,203.3,2.71,2054.77,15.1444700411911
"55",103.587,75.0707,203.866666666667,2.74666666666667,1892.31,14.9992621633522
"56",103.474,75.0922,201.866666666667,2.76333333333333,1915.38,15.4580984205098
"57",103.202,74.7599666666667,205.266666666667,2.62333333333333,1428.54,15.6948429838702
"58",103.702,75.4244666666667,206.733333333333,2.49666666666667,1305.69,15.3316828452442
"59",103.886,75.6371666666667,206.033333333333,2.28,1265.38,15.4852751027818
"60",102.266,76.0923,198.6,1.96666666666667,1176,16.1862475553463
"61",101.854,76.1646333333333,189.8,2.16666666666667,1609.85,16.9066710301592
"62",102.328,76.5385333333333,191.433333333333,2.22,939,16.4739141367254
"63",101.952,77.2059333333333,189.933333333333,2.19,766.15,16.6881176801079
"64",102.15,77.4297,184.166666666667,1.92,825,17.2594862637618
"65",103.445,77.6274333333333,180.233333333333,1.75333333333333,951.08,17.5821814084709
"66",102.325,77.0474333333333,184.066666666667,1.56333333333333,810.92,17.2989663410533
"67",100.926,76.7504666666667,186.533333333333,2.13,942.69,17.4771855452979
"68",101.833,76.7754333333333,187.366666666667,2.44333333333333,973.38,17.6075014180053
"69",100.912,76.7324,191.366666666667,2.26333333333333,890.15,17.5475260858325
"70",100.897,77.6164333333333,192.7,2.24333333333333,708.08,17.3808104855801
"71",98.74,77.6252666666667,194.1,2.37,831,17.3029128617201
"72",99.512,78.4778,196.5,2.76,671.46,17.0135270352672
"73",99.352,78.1361666666667,199.8,2.92,576.23,16.8004618425262
"74",100.561,78.6031333333333,203.833333333333,2.92666666666667,682,15.9960614306355
"75",100.821,79.0985666666667,206.4,3.03333333333333,543.69,16.1167486065038
"76",99.858,78.4616,204.833333333333,2.65333333333333,469.23,16.427367256608
"77",100.263,78.0794333333333,200.9,2.33333333333333,420,16.8628359374042
"78",99.562,77.5749666666667,202.366666666667,1.79666666666667,412,16.5897874947096
"79",99.225,77.8609666666667,200.4,1.79333333333333,448,16.9009563132135
"80",98.881,77.8759333333333,199.1,1.37666666666667,519.08,17.2878695541753
"81",99.655,77.9860666666667,196.333333333333,0.686666666666667,510,17.8813639448496
"82",99.8,71.7475333333333,186.966666666667,0.65,884.62,17.6009949107858
"83",99.509,75.6747666666667,194.433333333333,0.863333333333333,1056.23,17.754721792743
"84",98.81,77.6213,197.9,1.31666666666667,788.31,17.8126842391756
"85",98.766,77.3583666666667,210.7,1.59333333333333,917.23,16.631727792883
"86",101.596,80.0835,223.8,1.32333333333333,1217.08,15.8753010397694
"87",100.964,80.5028333333333,235.041666666667,1.53666666666667,802.62,15.8782461829043
"88",99.776,81.4218,244.189333333333,1.94,798.62,15.9271158582406
"89",99.402,81.6955666666667,254.776666666667,2.93,807.23,15.8091606594673
"90",99.328,81.7499666666667,274.981333333333,3.10666666666667,521.54,15.0792476557934
"91",98.653,81.4079333333333,271.83,3.83,519.23,15.4798432359594
"92",98.223,80.4098666666667,261.948333333333,3.64666666666667,452,15.6640970723073
"93",98.918,80.3904,258.886666666667,3.59333333333333,309.62,15.5944855334799
"94",99.172,79.7895666666667,254.738,4.15,424.62,15.3044263373177
"95",100.046,79.2932666666667,258.235666666667,4.44,386,15.2408479424012
"96",101.151,79.0447666666667,253.844333333333,4.16,450.69,15.5106026628283
"97",100.466,78.4277,254.94,4.44333333333333,383.69,15.6946786692596
"98",100.895,78.6705,256.591,3.94666666666667,394,15.7457986825495
