"","prd","unioncov","unint","rw"
"1",93.223,762.165754292783,1000,34.4058427476582
"2",94.226,754.520185049867,701.08,34.7343000828707
"3",94.045,742.177215378545,777.31,34.4331279413251
"4",92.915,725.136845278815,737.31,33.714154710125
"5",93.068,703.399074750678,580.31,33.0456916962263
"6",92.868,687.744336639153,506.77,32.9468421503534
"7",93.481,678.172630944239,483,33.1146407159986
"8",95.284,674.683957665937,447.23,32.4789896833867
"9",96.202,677.278316804246,661.62,33.0740954220105
"10",96.011,676.604733737871,630,32.6284462840551
"11",96.018,672.663208466812,553.85,31.8643597017345
"12",96.023,665.453740991069,607.38,31.6733430180494
"13",96.287,654.976331310643,718.31,32.9491745920409
"14",95.168,644.394834914215,804.23,32.093205969667
"15",93.867,633.709251801786,918.46,32.7077119337303
"16",94.349,622.919581973356,1082.77,34.4769390636721
"17",94.946,612.025825428925,1805.69,34.9294449824406
"18",96.656,606.857992639582,2394,34.3109974031418
"19",98.036,607.416083605328,2731.62,33.5667141020933
"20",98.891,613.700098326163,3100,32.854969281768
"21",99.258,625.710036802085,4012.62,32.3675063907885
"22",100.253,631.82999747162,3462.85,32.5456080948754
"23",101.069,632.059980334765,3247.54,32.6552510718776
"24",101.647,626.399985391522,3381.69,32.6173907081874
"25",101.651,614.850012641891,3612.69,32.8589001185217
"26",101.415,602.69001848528,3678.54,32.5259182757072
"27",102.114,589.920002921691,3475.38,32.7648706384999
"28",101.791,576.539965951124,2904.62,32.3040849442339
"29",101.578,562.549907573578,2862.23,32.661727735369
"30",101.231,557.133921193127,2782.77,33.2145573407438
"31",100.25,560.292006809771,2577.85,33.9795343702309
"32",100.934,572.024164423511,2478.69,34.4378081416238
"33",102.033,592.330394034345,2531.69,33.1207327206345
"34",103.073,604.320728264939,2054.77,33.377693609376
"35",102.956,607.995167115293,1892.31,32.9351469783482
"36",102.892,603.353710585405,1915.38,33.5334604601303
"37",102.664,590.396358675276,1428.54,34.905476090604
"38",103.201,577.854874441112,1305.69,34.1965062557186
"39",103.424,565.729257882913,1265.38,34.0279884178545
"40",101.848,554.019509000678,1176,34.6141104068698
"41",101.474,542.725627794409,1609.85,34.6536836228162
"42",101.98,532.717824194135,939,34.9111691227497
"43",101.633,523.996098199856,766.15,35.1813386910893
"44",101.856,516.560449811574,825,35.7465822105763
"45",103.17,510.410879029287,951.08,35.4371459152378
"46",102.088,509.786699104655,810.92,35.6457097482753
"47",100.737,514.687910037676,942.69,35.5943779972948
"48",101.704,525.114511828352,973.38,36.2899044668216
"49",100.856,541.066504476682,890.15,36.2795879410351
"50",100.892,550.220699745337,708.08,35.8149983419585
"51",98.766,552.577097634318,831,36.0171473673694
"52",99.546,548.135698143625,671.46,35.3328617914694
"53",99.377,536.896501273258,576.23,35.5423690068906
"54",100.569,528.442222015803,682,34.9056539194925
"55",100.807,522.772860371262,543.69,35.2433693469011
"56",99.817,519.888416339634,469.23,35.1652207091639
"57",100.187,519.788889920919,420,36.2268700772348
"58",99.441,515.833523385061,412,36.3103236040006
"59",99.046,508.022316732059,448,36.0654744436177
"60",98.635,496.355269961914,519.08,36.4965113947991
"61",99.327,480.832383074626,510,37.9787107135557
"62",99.417,469.490275089855,884.62,40.4946061928737
"63",99.101,462.328946007603,1056.23,37.5298786445409
"64",98.405,459.348395827868,788.31,37.7085915546586
"65",98.388,460.548624550652,917.23,36.9366838113831
"66",101.227,458.009266219499,1217.08,36.6876502225519
"67",100.611,451.73032083441,802.62,37.8348858464419
"68",99.434,441.711788395385,798.62,37.4692464001431
"69",99.061,427.953668902424,807.23,38.7238130109301
"70",98.988,422.868953544264,521.54,39.554121627197
"71",98.315,426.457642320905,519.23,40.3978536281418
"72",97.886,438.719735232347,452,40.3644383621633
"73",98.579,459.65523227859,309.62,41.6209217184708
"74",98.832,474.167338185645,424.62,40.9939705016919
"75",99.703,482.256052953511,386,40.5262633823344
"76",100.804,483.921376582189,450.69,40.121394638736
"77",100.121,479.163309071679,383.69,41.2524596970736
"78",100.537,475.594758438797,394,41.2662843387142
