prd	cplt	unint	rw
68.550	81.108	35.000	92.441
69.144	81.159	31.703	90.089
69.214	79.984	30.034	91.352
69.198	77.953	35.838	90.276
69.128	75.380	42.236	89.999
69.856	73.065	40.331	90.079
69.686	70.527	51.655	89.719
70.870	68.553	65.270	91.858
73.205	69.028	84.838	91.347
74.908	70.354	91.432	91.813
76.859	71.109	82.581	91.835
78.198	71.028	93.649	92.245
79.517	71.072	110.027	91.945
80.425	70.600	121.297	93.817
82.705	71.592	109.811	95.057
82.921	72.838	96.473	96.457
82.221	73.536	110.250	93.389
82.544	73.846	108.223	95.054
82.904	74.465	85.588	97.041
84.207	75.355	85.946	95.878
85.711	76.323	83.797	95.837
86.994	76.307	68.689	95.955
87.307	76.112	65.223	95.513
88.443	77.846	69.081	94.007
88.495	77.931	56.554	96.124
88.045	77.878	53.466	94.253
88.579	77.594	51.804	93.161
89.880	77.235	44.865	96.103
91.318	77.587	59.365	96.886
93.099	78.640	54.203	95.665
93.937	78.268	50.581	95.462
95.711	78.739	61.115	95.092
95.730	78.782	67.541	94.103
94.065	77.202	69.264	93.613
92.689	74.184	80.493	93.617
89.136	68.100	95.466	98.611
86.634	61.531	154.628	97.578
88.014	58.983	204.392	100.799
93.193	61.564	224.595	100.068
94.910	63.420	262.959	100.447
96.456	65.613	306.486	96.777
98.160	68.478	290.216	98.806
99.063	70.080	262.818	98.794
99.552	70.836	277.446	99.512
100.516	72.058	302.608	99.885
98.527	71.945	305.500	97.203
100.148	72.928	284.216	97.683
99.016	73.919	246.649	95.300
99.602	75.403	250.986	97.265
99.183	75.744	230.811	96.680
99.065	75.108	229.791	96.193
99.199	75.074	216.149	96.318
100.390	75.473	214.054	94.923
100.558	75.211	186.216	95.332
100.696	75.079	178.378	95.064
101.603	75.738	175.541	94.604
101.627	75.733	141.216	95.673
101.811	77.060	129.122	94.522
101.751	77.788	115.878	94.737
101.139	78.080	101.595	96.147
100.453	77.194	138.182	98.152
100.712	76.957	96.405	98.306
100.666	76.806	68.703	98.633
99.410	75.595	65.405	98.386
99.349	75.019	76.405	98.515
99.279	74.838	80.189	97.654
100.073	74.875	88.257	98.347
100.205	74.988	90.588	98.592
100.068	75.261	70.000	98.906
100.779	76.054	65.743	100.325
99.423	75.789	65.878	100.196
99.709	77.071	63.446	100.524
100.407	77.963	49.622	100.951
100.804	78.805	61.541	99.980
99.963	79.090	53.919	99.963
99.632	79.081	49.378	100.433
97.742	77.677	43.358	101.432
96.681	77.016	39.405	100.145
96.120	76.574	42.811	99.031
96.457	75.986	42.128	100.949
96.100	74.164	48.784	101.966
91.627	60.968	73.297	110.397
99.692	71.968	91.459	104.381
99.298	73.462	70.818	106.625
98.464	74.019	93.365	106.047
97.593	74.132	104.926	106.177
97.010	75.059	73.257	102.582
97.115	76.271	68.284	102.572
96.400	76.968	66.446	100.063
96.919	77.769	44.189	98.283
96.168	77.890	46.919	98.738
95.624	77.195	35.135	97.671
95.038	76.929	34.622	97.409
96.059	77.092	43.236	99.150
95.208	76.889	37.034	99.376
95.206	76.085	44.196	100.744
95.394	75.808	40.635	101.738
95.135	75.565	36.135	98.675
95.259	74.652	48.473	99.052
95.015	73.732	55.811	99.403
